3152	640	960
27	6	1
3	13	1
10	45	1
36	11	1
4	2	1
6	7	1
8	31	1
11	73	1
10	39	1
17	113	1
3	3	1
3	2	1
17	5	1
3	18	1
7	8	1
4	27	1
3	6	1
6	2	1
12	4	1
16	3	1
14	37	1
36	11	1
17	3	1
19	4	1
12	7	1
6	10	1
6	24	1
5	15	1
9	12	1
39	8	1
30	8	1
26	7	1
3	3	1
29	5	1
7	5	1
6	32	1
12	5	1
32	5	1
12	4	1
6	13	1
14	37	1
1	6	1
8	6	1
4	19	1
36	10	1
19	4	1
8	22	1
1	1	1
3	12	1
5	7	1
8	15	1
2	4	1
22	57	1
13	3	1
7	5	1
3	10	1
3	6	1
6	2	1
10	3	1
10	45	1
30	20	1
27	7	1
5	25	1
7	26	1
6	2	1
2	9	1
3	7	1
22	59	1
3	16	1
7	11	1
9	12	1
10	11	1
17	113	1
2	4	1
4	27	1
3	2	1
3	18	1
12	3	1
3	6	1
8	3	1
6	2	1
9	39	1
9	17	1
8	22	1
1	1	1
2	1	1
5	7	1
3	3	1
13	36	1
25	11	1
10	9	1
10	6	1
5	28	1
4	27	1
3	6	1
11	12	1
10	4	1
3	11	1
62	9	1
10	44	1
11	73	1
8	27	1
5	5	1
6	13	1
3	12	1
1	6	1
13	36	1
65	16	1
17	5	1
5	31	1
1	5	1
6	2	1
3	9	1
6	13	1
13	47	1
14	37	1
5	20	1
14	5	1
12	8	1
6	7	1
17	3	1
11	73	1
9	17	1
2	7	1
3	12	1
3	9	1
2	1	1
71	25	1
65	16	1
2	1	1
6	19	1
6	7	1
18	4	1
2	8	1
9	9	1
2	6	1
12	3	1
35	7	1
13	17	1
6	4	1
10	44	1
3	16	1
8	15	1
1	4	1
39	8	1
2	8	1
3	10	1
10	11	1
27	6	1
13	47	1
30	20	1
6	4	1
7	26	1
19	4	1
3	10	1
3	7	1
1	2	1
1	1	1
22	20	1
7	33	1
6	13	1
2	10	1
62	9	1
27	7	1
17	3	1
7	26	1
8	27	1
25	9	1
1	2	1
5	5	1
6	13	1
2	4	1
10	11	1
6	3	1
2	1	1
16	32	1
22	20	1
4	7	1
8	15	1
11	37	1
16	3	1
8	11	1
10	4	1
14	5	1
5	2	1
5	28	1
35	7	1
9	5	1
5	25	1
8	27	1
25	9	1
11	56	1
6	13	1
6	24	1
3	3	1
11	8	1
6	4	1
8	15	1
4	27	1
5	31	1
11	37	1
6	2	1
9	21	1
11	12	1
27	5	1
5	28	1
4	19	1
8	3	1
17	3	1
8	31	1
9	39	1
4	10	1
2	1	1
2	7	1
16	46	1
1	1	1
5	7	1
3	9	1
3	3	1
6	3	1
39	8	1
22	20	1
13	27	1
2	8	1
1	2	1
38	9	1
6	2	1
2	9	1
38	18	1
6	7	1
17	3	1
2	9	1
5	3	1
2	1	1
7	6	1
1	1	1
6	10	1
17	7	1
9	55	1
5	2	1
3	3	1
25	11	1
12	15	1
4	7	1
2	2	1
1	2	1
7	8	1
12	5	1
2	8	1
32	5	1
8	11	1
3	6	1
5	20	1
3	11	1
12	8	1
5	28	1
27	7	1
11	73	1
8	27	1
6	2	1
5	3	1
1	2	1
11	56	1
9	15	1
3	16	1
1	4	1
5	15	1
17	7	1
9	55	1
3	3	1
8	42	1
3	2	1
2	11	1
7	5	1
1	4	1
10	11	1
32	5	1
27	6	1
2	9	1
6	6	1
13	47	1
12	9	1
7	14	1
9	5	1
8	3	1
9	39	1
21	101	1
2	1	1
11	56	1
10	39	1
4	1	1
11	9	1
28	8	1
65	16	1
2	8	1
1	2	1
3	10	1
6	11	1
8	11	1
2	10	1
3	6	1
14	3	1
12	9	1
4	19	1
10	44	1
6	2	1
9	17	1
13	12	1
7	11	1
3	3	1
9	12	1
11	8	1
3	2	1
7	5	1
6	2	1
8	11	2
10	4	2
38	18	2
36	10	2
5	25	2
25	9	2
3	7	2
1	2	2
13	12	2
1	1	2
11	9	2
3	16	2
10	11	2
11	8	2
6	19	2
29	5	2
4	27	2
32	5	2
13	47	2
33	6	2
2	9	2
22	59	2
3	20	2
2	1	2
6	10	2
3	9	2
42	9	2
6	7	2
2	2	2
5	28	2
18	4	2
2	8	2
3	10	2
5	31	2
3	11	2
5	25	2
8	31	2
4	10	2
2	1	2
9	15	2
1	6	2
13	36	2
2	1	2
6	4	2
6	7	2
1	2	2
3	18	2
19	9	2
10	11	2
16	3	2
3	9	2
27	6	2
2	10	2
8	12	2
3	6	2
10	4	2
7	2	2
35	7	2
6	7	2
33	6	2
11	73	2
1	2	2
1	1	2
1	1	2
1	1	2
6	21	2
2	4	2
13	27	2
6	4	2
12	15	2
1	2	2
19	9	2
7	8	2
72	15	2
9	21	2
51	10	2
6	6	2
30	20	2
6	7	2
27	7	2
6	4	2
33	6	2
1	2	2
2	7	2
1	1	2
2	13	2
8	15	2
1	4	2
9	55	2
65	16	2
5	2	2
6	4	2
6	19	2
2	11	2
2	8	2
6	2	2
27	6	2
10	3	2
3	11	2
5	20	2
8	6	2
10	45	2
21	101	2
8	22	2
1	1	2
5	7	2
6	10	2
6	3	2
2	1	2
15	9	2
16	32	2
2	8	2
15	75	2
12	80	2
9	21	2
8	11	2
11	12	2
1	4	2
7	2	2
6	4	2
8	31	2
3	20	2
4	1	2
11	9	2
9	12	2
6	3	2
17	7	2
3	2	2
2	4	2
1	2	2
11	37	2
2	8	2
3	6	2
6	2	2
2	1	2
7	6	2
2	13	2
1	6	2
3	9	2
22	20	2
5	2	2
10	9	2
6	19	2
8	42	2
6	32	2
4	27	2
6	2	2
16	3	2
14	14	2
6	6	2
2	10	2
3	6	2
36	11	2
38	18	2
4	2	2
11	10	2
4	10	2
5	3	2
1	1	2
5	7	2
6	3	2
39	8	2
13	36	2
2	1	2
16	32	2
9	55	2
65	16	2
10	9	2
18	4	2
7	8	2
6	2	2
27	6	2
11	12	2
8	12	2
3	11	2
35	7	2
9	5	2
11	10	2
2	9	2
3	16	2
6	21	2
13	36	2
26	7	2
7	8	2
1	4	2
12	5	2
9	9	2
12	3	2
27	6	2
6	13	2
11	12	2
2	10	2
3	11	2
5	20	2
2	1	2
7	26	2
6	2	2
4	10	2
22	59	2
13	12	2
17	34	2
1	1	2
11	9	2
1	4	2
9	12	2
28	8	2
2	1	2
13	27	2
25	8	2
7	5	2
10	3	2
12	3	2
51	10	2
2	10	2
1	4	2
35	7	2
7	14	2
13	12	2
1	6	2
8	15	2
33	8	2
9	12	2
28	8	2
22	57	2
1	3	2
5	2	2
3	3	2
3	2	2
4	27	2
3	6	2
72	15	2
2	6	2
14	37	2
5	2	2
2	1	2
12	8	2
5	28	2
8	3	2
7	26	2
25	9	2
9	39	2
3	7	2
5	5	2
3	20	2
1	1	2
4	1	2
33	8	2
15	9	2
10	6	2
2	8	2
17	10	2
2	10	2
13	47	2
5	2	2
2	1	2
38	18	2
21	101	2
5	5	2
6	10	2
33	8	2
15	9	2
22	20	2
5	2	2
6	4	2
18	4	2
3	10	2
11	37	2
7	33	2
5	7	2
6	2	2
1	4	2
5	2	2
7	2	2
36	11	2
30	20	2
36	10	2
27	7	2
11	73	2
2	9	2
5	5	2
1	1	2
6	10	2
9	15	2
5	7	2
8	15	2
10	11	2
3	2	2
10	6	2
4	2	2
29	5	2
4	27	2
5	7	2
6	2	2
2	9	2
11	12	2
1	6	2
5	20	2
38	18	2
6	4	2
7	26	2
25	9	2
12	7	2
4	10	2
6	13	2
5	7	2
3	16	2
28	8	2
71	25	2
13	27	2
16	57	2
3	2	2
2	8	2
19	9	2
12	5	2
6	11	2
10	3	3
6	6	3
8	12	3
2	1	3
11	10	3
6	2	3
21	101	3
2	1	3
1	1	3
9	12	3
10	9	3
2	2	3
10	3	3
12	5	3
6	11	3
9	9	3
5	7	3
6	2	3
12	3	3
9	21	3
14	3	3
5	2	3
5	28	3
7	14	3
8	3	3
6	7	3
27	7	3
3	7	3
3	3	3
16	32	3
12	25	3
13	27	3
16	57	3
25	11	3
14	14	3
11	12	3
27	5	3
12	9	3
38	18	3
11	73	3
7	6	3
6	13	3
4	1	3
5	15	3
13	27	3
10	6	3
6	19	3
18	4	3
7	8	3
6	11	3
9	9	3
32	5	3
14	14	3
9	21	3
6	6	3
27	5	3
13	17	3
38	18	3
9	5	3
6	4	3
2	7	3
13	12	3
9	15	3
3	3	3
42	9	3
22	57	3
22	20	3
3	2	3
8	15	3
5	28	3
8	42	3
11	37	3
6	32	3
4	27	3
3	9	3
8	12	3
35	7	3
36	10	3
2	9	3
10	39	3
5	5	3
2	4	3
10	11	3
30	8	3
22	20	3
2	4	3
7	33	3
10	11	3
38	9	3
32	5	3
12	3	3
2	10	3
14	3	3
14	5	3
17	3	3
9	39	3
5	3	3
7	11	3
22	57	3
6	19	3
4	2	3
7	33	3
4	27	3
51	10	3
5	28	3
36	10	3
5	25	3
3	10	3
8	22	3
2	1	3
2	13	3
2	4	3
16	5	3
26	7	3
16	32	3
11	8	3
4	27	3
19	9	3
12	5	3
2	10	3
8	12	3
12	9	3
5	28	3
4	19	3
4	2	3
9	5	3
11	10	3
2	9	3
25	9	3
8	22	3
17	34	3
16	5	3
42	9	3
12	25	3
11	37	3
6	11	3
6	2	3
12	4	3
3	9	3
8	12	3
3	11	3
27	7	3
9	39	3
8	22	3
11	56	3
10	39	3
13	12	3
6	10	3
6	24	3
3	3	3
28	8	3
30	8	3
1	3	3
10	6	3
2	2	3
1	2	3
6	11	3
32	5	3
14	14	3
8	11	3
14	37	3
12	9	3
8	3	3
33	6	3
21	101	3
3	10	3
3	7	3
8	22	3
5	3	3
11	56	3
13	12	3
1	1	3
5	7	3
4	1	3
1	6	3
1	4	3
33	8	3
28	8	3
15	9	3
3	3	3
6	19	3
29	5	3
17	5	3
3	10	3
14	14	3
2	6	3
10	3	3
2	9	3
1	6	3
12	9	3
36	10	3
12	7	3
3	7	3
2	7	3
39	8	3
5	2	3
3	2	3
6	19	3
6	7	3
2	2	3
5	28	3
17	5	3
3	10	3
12	5	3
9	9	3
5	7	3
2	6	3
8	11	3
2	9	3
6	6	3
8	12	3
1	6	3
3	11	3
12	9	3
10	44	3
3	20	3
17	34	3
6	21	3
10	11	3
17	113	3
30	8	3
16	32	3
10	6	3
2	4	3
8	15	3
2	11	3
5	31	3
7	8	3
12	4	3
51	10	3
8	12	3
1	6	3
5	20	3
14	5	3
8	6	3
7	14	3
62	9	3
30	20	3
11	73	3
12	7	3
1	2	3
11	56	3
2	1	3
3	12	3
6	24	3
2	13	3
7	11	3
2	4	3
16	5	3
71	25	3
13	27	3
65	16	3
18	4	3
2	6	3
8	6	3
35	7	3
36	11	3
7	26	3
3	20	3
2	1	3
16	46	3
1	1	3
2	13	3
11	9	3
10	7	3
16	5	3
22	57	3
1	3	3
25	8	3
6	2	3
12	3	3
15	75	3
2	10	3
27	5	3
10	45	3
6	4	3
9	17	3
1	2	3
22	59	3
17	34	3
6	24	3
3	16	3
10	11	3
15	9	3
2	1	3
6	7	3
5	28	3
4	27	3
19	9	3
11	37	3
7	33	3
32	5	3
12	3	3
14	5	3
8	6	3
11	10	3
8	31	3
33	6	3
21	101	3
2	1	3
11	56	3
5	5	3
16	46	3
6	10	3
8	15	3
6	21	3
1	4	3
22	57	3
15	9	3
12	25	3
2	1	3
25	8	3
3	18	3
5	31	3
12	3	3
2	10	4
14	3	4
14	5	4
7	2	4
7	26	4
8	22	4
2	13	4
5	15	4
28	8	4
22	57	4
16	32	4
5	2	4
3	2	4
5	28	4
8	42	4
2	8	4
1	2	4
17	10	4
3	10	4
6	32	4
8	12	4
3	6	4
14	5	4
35	7	4
4	19	4
11	73	4
9	17	4
21	101	4
4	10	4
13	12	4
1	1	4
2	13	4
33	8	4
17	7	4
65	16	4
5	2	4
2	1	4
11	8	4
3	2	4
10	3	4
9	9	4
5	7	4
12	3	4
2	10	4
12	7	4
21	101	4
1	2	4
10	7	4
26	7	4
16	32	4
25	11	4
29	5	4
2	11	4
10	3	4
4	27	4
15	75	4
2	9	4
11	12	4
1	6	4
17	3	4
8	22	4
17	34	4
2	13	4
16	32	4
9	55	4
1	3	4
25	11	4
6	19	4
18	4	4
12	5	4
32	5	4
27	6	4
8	11	4
13	47	4
10	45	4
62	9	4
11	10	4
7	6	4
17	34	4
16	5	4
28	8	4
16	57	4
12	15	4
4	7	4
4	27	4
19	9	4
1	5	4
6	2	4
2	6	4
2	9	4
13	47	4
3	6	4
7	2	4
12	9	4
30	20	4
36	10	4
22	59	4
2	1	4
11	56	4
1	1	4
6	21	4
10	11	4
28	8	4
12	25	4
9	55	4
11	8	4
25	8	4
12	15	4
2	4	4
13	3	4
29	5	4
3	18	4
3	10	4
7	8	4
6	32	4
5	7	4
2	6	4
14	3	4
5	2	4
7	14	4
38	18	4
8	27	4
3	7	4
9	15	4
1	1	4
1	6	4
3	16	4
1	4	4
10	7	4
22	57	4
9	55	4
25	11	4
10	9	4
8	42	4
3	2	4
1	4	4
12	4	4
3	13	4
3	6	4
1	6	4
2	1	4
38	18	4
3	10	4
22	59	4
16	46	4
3	12	4
11	9	4
33	8	4
9	12	4
6	3	4
28	8	4
71	25	4
65	16	4
3	3	4
29	5	4
17	10	4
5	31	4
19	9	4
7	33	4
5	7	4
1	6	4
12	8	4
5	28	4
62	9	4
6	7	4
17	3	4
8	27	4
6	2	4
33	8	4
10	11	4
26	7	4
2	1	4
25	11	4
17	10	4
10	3	4
5	7	4
3	6	4
15	75	4
51	10	4
12	8	4
10	45	4
38	18	4
36	10	4
9	17	4
4	10	4
3	20	4
10	7	4
3	3	4
17	113	4
10	9	4
2	4	4
4	2	4
13	3	4
2	2	4
3	2	4
3	18	4
10	11	4
3	9	4
15	75	4
3	6	4
1	4	4
7	2	4
10	45	4
8	3	4
6	4	4
3	10	4
5	3	4
1	2	4
1	1	4
3	20	4
2	1	4
16	46	4
6	21	4
10	11	4
65	16	4
1	3	4
16	57	4
3	2	4
1	4	4
14	14	4
10	3	4
5	2	4
6	7	4
3	10	4
1	2	4
11	56	4
10	39	4
5	5	4
7	6	4
6	13	4
10	7	4
2	4	4
4	7	4
4	2	4
2	2	4
19	9	4
1	4	4
2	8	4
9	9	4
14	14	4
3	9	4
15	75	4
3	6	4
35	7	4
11	10	4
3	10	4
2	1	4
2	7	4
9	15	4
29	5	4
3	2	4
19	9	4
11	37	4
1	5	4
12	3	4
14	37	4
9	5	4
36	10	4
2	9	4
9	39	4
3	10	4
22	59	4
2	7	4
6	21	4
13	36	4
28	8	4
26	7	4
71	25	4
29	5	4
2	2	4
4	27	4
19	9	4
72	15	4
6	13	4
14	3	4
5	28	4
38	18	4
1	1	4
7	6	4
1	6	4
5	15	4
6	3	4
17	113	4
22	57	4
26	7	4
5	2	4
2	11	4
1	4	4
1	5	4
12	4	4
72	15	4
9	21	4
6	6	4
8	12	4
7	2	4
8	3	4
7	6	4
1	1	4
2	13	4
6	10	4
10	7	4
5	15	4
6	3	4
17	113	4
13	36	4
2	1	4
30	8	4
6	7	4
4	27	4
7	8	4
10	3	4
9	9	4
10	11	4
3	6	4
14	14	4
15	75	5
3	11	5
12	8	5
8	6	5
4	10	5
11	56	5
5	5	5
7	6	5
16	46	5
3	12	5
6	10	5
5	7	5
6	10	5
3	9	5
16	5	5
39	8	5
13	36	5
2	1	5
9	55	5
13	27	5
2	1	5
6	4	5
7	5	5
5	31	5
72	15	5
11	12	5
12	9	5
2	1	5
30	20	5
36	10	5
7	26	5
8	22	5
1	1	5
7	11	5
10	7	5
2	1	5
15	9	5
22	20	5
12	15	5
2	4	5
4	7	5
8	42	5
1	2	5
3	6	5
15	75	5
6	6	5
35	7	5
17	3	5
7	26	5
9	17	5
3	20	5
2	1	5
13	12	5
3	3	5
4	7	5
1	5	5
12	5	5
7	33	5
2	6	5
3	13	5
14	37	5
14	3	5
3	11	5
5	2	5
4	2	5
12	7	5
7	6	5
1	6	5
1	4	5
10	7	5
10	11	5
65	16	5
4	7	5
17	10	5
5	31	5
7	33	5
10	11	5
12	4	5
2	10	5
1	4	5
14	5	5
5	2	5
2	1	5
36	11	5
7	26	5
8	31	5
12	7	5
22	59	5
3	20	5
16	46	5
11	9	5
1	6	5
6	10	5
3	9	5
5	15	5
33	8	5
17	113	5
3	18	5
7	5	5
6	32	5
12	5	5
9	9	5
16	3	5
14	37	5
1	4	5
11	10	5
33	6	5
6	2	5
4	10	5
1	2	5
2	1	5
1	1	5
4	1	5
1	4	5
10	7	5
1	3	5
5	2	5
6	4	5
6	7	5
4	27	5
3	2	5
72	15	5
3	6	5
1	6	5
8	6	5
35	7	5
10	45	5
62	9	5
8	3	5
27	7	5
11	10	5
10	44	5
19	4	5
2	9	5
25	9	5
1	2	5
7	11	5
6	21	5
33	8	5
42	9	5
30	8	5
12	25	5
29	5	5
8	15	5
7	5	5
7	8	5
6	2	5
27	6	5
27	5	5
14	3	5
12	8	5
17	3	5
12	7	5
21	101	5
3	7	5
4	10	5
5	3	5
2	1	5
10	11	5
13	36	5
25	11	5
10	6	5
12	15	5
3	2	5
7	8	5
2	6	5
12	3	5
12	9	5
2	1	5
8	6	5
35	7	5
13	17	5
8	31	5
9	17	5
2	1	5
2	1	5
11	9	5
6	21	5
3	9	5
17	113	5
15	9	5
3	2	5
5	28	5
12	5	5
2	8	5
6	2	5
3	11	5
7	2	5
13	17	5
10	44	5
19	4	5
22	59	5
6	10	5
22	57	5
30	8	5
12	25	5
13	27	5
12	15	5
1	2	5
17	10	5
13	47	5
14	37	5
8	6	5
2	9	5
8	22	5
1	1	5
2	13	5
6	3	5
10	11	5
15	9	5
30	8	5
9	55	5
29	5	5
19	9	5
6	32	5
16	3	5
12	80	5
3	6	5
14	3	5
14	5	5
38	18	5
9	5	5
27	7	5
6	4	5
11	10	5
19	4	5
11	73	5
6	2	5
25	9	5
21	101	5
8	22	5
1	1	5
2	1	5
6	24	5
7	11	5
5	15	5
2	1	5
16	57	5
2	1	5
8	42	5
3	10	5
16	3	5
3	13	5
4	19	5
13	17	5
9	5	5
6	4	5
6	2	5
22	59	5
13	12	5
11	9	5
1	6	5
1	4	5
3	3	5
28	8	5
42	9	5
2	1	5
1	3	5
4	27	5
17	5	5
4	27	5
38	9	5
72	15	5
27	6	5
3	13	5
1	4	5
4	2	5
30	20	5
6	7	5
9	17	5
4	10	5
2	1	5
1	2	5
17	34	5
3	12	5
39	8	5
13	27	5
2	1	5
6	7	5
10	3	5
6	11	5
9	9	5
14	37	5
14	5	5
62	9	5
7	26	5
3	10	5
2	1	5
16	46	5
3	3	5
2	1	5
13	27	5
6	4	5
8	42	5
18	4	5
3	11	5
7	14	5
4	2	5
17	3	5
11	73	5
22	59	5
1	2	5
6	24	5
3	9	5
26	7	5
3	3	5
12	15	5
2	4	5
13	3	5
2	11	5
1	2	5
17	10	5
4	27	5
12	4	5
72	15	5
2	9	6
1	6	6
4	19	6
30	20	6
27	7	6
17	3	6
8	27	6
2	1	6
6	24	6
1	1	6
7	11	6
10	7	6
2	4	6
6	3	6
1	3	6
25	8	6
4	7	6
3	13	6
3	11	6
1	4	6
1	6	6
10	4	6
3	11	6
10	45	6
3	10	6
5	3	6
11	56	6
2	7	6
5	7	6
10	11	6
28	8	6
6	4	6
25	8	6
6	19	6
8	15	6
19	9	6
7	8	6
27	6	6
2	9	6
13	47	6
10	4	6
7	14	6
62	9	6
9	5	6
6	7	6
6	4	6
11	10	6
10	44	6
6	2	6
1	2	6
5	5	6
6	24	6
11	9	6
6	21	6
1	4	6
16	57	6
3	3	6
10	9	6
2	2	6
8	42	6
4	27	6
5	31	6
12	3	6
8	11	6
51	10	6
36	10	6
11	10	6
3	10	6
5	3	6
1	2	6
6	10	6
33	8	6
16	5	6
6	3	6
17	7	6
2	1	6
10	9	6
25	8	6
6	7	6
17	5	6
7	5	6
2	6	6
2	9	6
12	9	6
8	6	6
4	19	6
17	3	6
19	4	6
21	101	6
3	7	6
1	1	6
7	11	6
15	9	6
12	25	6
13	27	6
3	2	6
8	15	6
18	4	6
2	8	6
10	3	6
11	37	6
1	4	6
3	13	6
8	12	6
25	9	6
9	17	6
2	1	6
3	20	6
2	7	6
17	34	6
2	4	6
17	113	6
30	8	6
26	7	6
3	3	6
17	10	6
10	3	6
3	13	6
2	9	6
7	26	6
12	7	6
1	1	6
1	1	6
28	8	6
16	57	6
6	4	6
2	11	6
3	10	6
6	32	6
6	11	6
10	11	6
72	15	6
51	10	6
6	6	6
5	2	6
8	6	6
62	9	6
27	7	6
8	31	6
2	1	6
11	56	6
2	7	6
1	1	6
6	13	6
6	10	6
7	11	6
6	21	6
10	7	6
5	15	6
17	113	6
22	57	6
13	27	6
16	57	6
2	1	6
3	2	6
6	7	6
13	3	6
12	80	6
3	13	6
6	13	6
2	9	6
3	11	6
14	5	6
5	2	6
10	45	6
36	10	6
25	9	6
10	11	6
22	57	6
16	57	6
6	4	6
4	7	6
8	42	6
3	18	6
3	10	6
11	37	6
10	11	6
12	4	6
1	4	6
10	4	6
2	1	6
6	7	6
2	1	6
2	1	6
2	7	6
17	34	6
16	46	6
9	15	6
8	15	6
3	9	6
16	5	6
10	11	6
5	2	6
3	2	6
11	8	6
10	6	6
8	42	6
4	27	6
18	4	6
2	8	6
5	7	6
6	2	6
3	6	6
12	4	6
51	10	6
13	17	6
62	9	6
38	18	6
11	73	6
21	101	6
10	39	6
7	6	6
6	10	6
8	15	6
42	9	6
26	7	6
22	20	6
3	18	6
6	2	6
12	4	6
13	47	6
2	1	6
8	6	6
10	45	6
36	11	6
2	9	6
3	12	6
2	13	6
11	9	6
3	16	6
17	7	6
26	7	6
6	4	6
13	3	6
18	4	6
17	5	6
3	18	6
7	5	6
12	5	6
7	33	6
27	6	6
6	13	6
27	5	6
3	11	6
19	4	6
9	17	6
10	11	6
2	1	6
25	8	6
13	3	6
7	33	6
6	11	6
10	11	6
5	7	6
6	2	6
12	4	6
2	9	6
7	14	6
13	17	6
33	6	6
13	12	6
1	1	6
5	7	6
1	6	6
17	113	6
2	1	6
11	8	6
8	15	6
1	2	6
17	10	6
38	9	6
16	3	6
3	9	6
3	13	6
8	31	6
4	10	6
2	1	6
6	13	6
6	10	6
6	21	6
1	4	6
71	25	6
12	25	6
9	55	6
3	3	6
25	8	6
12	15	6
6	19	6
4	7	6
13	3	6
3	2	6
17	10	6
7	5	6
12	5	6
3	6	6
16	3	6
14	14	6
3	9	6
12	80	6
10	3	6
6	13	6
13	47	6
5	28	6
10	45	6
3	7	6
5	3	6
10	39	6
2	7	6
16	5	6
10	11	6
42	9	6
9	55	6
25	11	6
4	7	6
3	10	6
7	33	6
13	47	7
27	5	7
5	20	7
3	11	7
5	2	7
5	28	7
62	9	7
10	44	7
33	6	7
12	7	7
5	3	7
22	59	7
2	7	7
33	8	7
30	8	7
26	7	7
22	20	7
65	16	7
25	11	7
6	7	7
7	33	7
2	6	7
12	80	7
7	2	7
12	8	7
10	44	7
2	1	7
1	2	7
16	46	7
3	12	7
1	6	7
2	4	7
16	5	7
6	3	7
13	36	7
71	25	7
1	3	7
10	6	7
17	5	7
2	11	7
17	10	7
2	8	7
38	9	7
6	2	7
8	12	7
3	6	7
1	4	7
14	3	7
5	20	7
5	2	7
2	1	7
8	3	7
8	27	7
3	7	7
1	1	7
2	7	7
16	46	7
9	12	7
10	11	7
28	8	7
17	7	7
22	20	7
65	16	7
25	8	7
12	15	7
3	2	7
13	47	7
14	5	7
2	1	7
5	28	7
4	19	7
25	9	7
9	39	7
10	39	7
4	1	7
8	15	7
13	36	7
26	7	7
71	25	7
2	1	7
3	3	7
11	8	7
4	2	7
2	2	7
6	11	7
3	6	7
15	75	7
11	12	7
14	37	7
1	6	7
27	5	7
13	17	7
9	5	7
5	25	7
10	44	7
3	10	7
4	10	7
2	1	7
6	13	7
3	12	7
6	24	7
10	7	7
9	12	7
10	11	7
22	57	7
2	1	7
1	3	7
2	1	7
3	3	7
6	7	7
29	5	7
17	5	7
5	31	7
72	15	7
14	14	7
3	9	7
51	10	7
6	6	7
5	2	7
36	11	7
4	2	7
6	7	7
3	10	7
13	12	7
16	46	7
11	9	7
16	5	7
8	15	7
8	42	7
1	2	7
9	9	7
10	11	7
6	2	7
3	6	7
14	14	7
12	3	7
10	3	7
2	10	7
8	12	7
3	11	7
33	6	7
9	39	7
7	6	7
16	46	7
5	7	7
10	11	7
10	6	7
5	28	7
1	5	7
6	2	7
14	14	7
10	3	7
6	13	7
2	9	7
11	12	7
13	47	7
3	11	7
1	4	7
3	11	7
8	3	7
7	26	7
9	17	7
1	2	7
1	2	7
5	5	7
5	7	7
4	1	7
6	10	7
30	8	7
11	8	7
2	4	7
17	5	7
14	3	7
10	4	7
9	5	7
8	3	7
5	25	7
11	73	7
21	101	7
22	59	7
9	15	7
2	13	7
1	6	7
5	15	7
16	5	7
12	25	7
3	3	7
4	2	7
13	3	7
8	15	7
3	2	7
9	9	7
72	15	7
3	9	7
10	3	7
1	6	7
36	11	7
30	20	7
5	25	7
12	7	7
42	9	7
9	55	7
1	3	7
25	8	7
6	7	7
7	5	7
6	32	7
1	5	7
6	2	7
12	80	7
9	21	7
7	14	7
4	19	7
17	3	7
8	31	7
2	1	7
5	5	7
3	12	7
3	16	7
5	15	7
17	7	7
12	15	7
13	3	7
8	42	7
17	10	7
10	11	7
15	75	7
9	17	7
3	7	7
22	59	7
2	1	7
1	1	7
71	25	7
9	55	7
11	8	7
3	2	7
11	37	7
10	11	7
6	2	7
10	3	7
14	3	7
36	10	7
27	7	7
1	1	7
6	10	7
5	15	7
6	3	7
10	11	7
17	113	7
13	36	7
12	25	7
3	2	7
4	2	7
6	32	7
6	2	7
3	6	7
16	3	7
51	10	7
6	6	7
8	12	7
14	3	7
14	5	7
19	4	7
3	7	7
8	22	7
2	1	7
7	6	7
6	10	7
6	24	7
3	9	7
6	3	7
42	9	7
3	18	7
5	31	7
6	32	7
12	5	7
8	11	7
51	10	7
10	4	7
4	19	7
4	2	7
5	25	7
19	4	7
6	2	7
12	7	7
3	20	7
10	7	7
33	8	7
39	8	7
30	8	7
1	3	7
11	8	7
2	4	7
17	5	7
7	8	7
6	2	7
3	11	7
2	1	7
35	7	7
62	9	7
36	11	7
6	7	7
2	9	7
3	10	7
1	2	7
1	1	7
1	6	7
10	11	7
39	8	7
65	16	7
5	28	7
1	5	7
2	8	7
38	9	7
5	7	7
6	13	8
51	10	8
1	4	8
13	17	8
9	39	8
1	6	8
1	4	8
3	3	8
10	11	8
12	25	8
16	57	8
13	3	8
11	37	8
1	4	8
1	5	8
2	8	8
38	9	8
14	14	8
3	9	8
27	6	8
10	3	8
6	13	8
2	9	8
27	5	8
5	20	8
38	18	8
9	5	8
6	4	8
8	27	8
6	2	8
9	39	8
5	5	8
17	34	8
9	15	8
11	9	8
3	16	8
8	15	8
10	11	8
9	55	8
1	4	8
7	33	8
72	15	8
12	80	8
10	3	8
8	11	8
3	11	8
13	17	8
4	2	8
33	6	8
25	9	8
5	3	8
7	11	8
39	8	8
42	9	8
11	8	8
4	2	8
5	28	8
17	10	8
11	37	8
12	4	8
6	13	8
10	44	8
19	4	8
8	27	8
4	10	8
11	56	8
3	20	8
2	1	8
16	46	8
6	13	8
6	10	8
5	7	8
11	9	8
3	9	8
5	15	8
16	57	8
10	6	8
2	11	8
1	4	8
9	9	8
5	7	8
6	2	8
16	3	8
6	13	8
10	4	8
5	20	8
7	2	8
38	18	8
4	2	8
25	9	8
16	32	8
13	3	8
8	42	8
3	2	8
7	8	8
6	11	8
12	4	8
8	11	8
1	6	8
4	19	8
38	18	8
9	5	8
10	39	8
6	24	8
3	9	8
5	15	8
9	12	8
71	25	8
22	20	8
13	27	8
16	57	8
10	9	8
10	6	8
18	4	8
7	5	8
2	8	8
32	5	8
16	3	8
27	5	8
10	4	8
9	5	8
6	2	8
4	10	8
1	2	8
2	1	8
11	56	8
5	5	8
17	34	8
6	13	8
6	10	8
5	15	8
39	8	8
17	113	8
13	27	8
3	3	8
4	7	8
4	2	8
17	10	8
5	31	8
7	33	8
38	9	8
3	9	8
9	21	8
14	5	8
7	14	8
10	45	8
36	11	8
36	10	8
5	25	8
8	27	8
1	1	8
13	12	8
2	4	8
2	1	8
16	32	8
9	55	8
1	3	8
6	4	8
25	8	8
4	7	8
4	2	8
2	2	8
5	28	8
2	11	8
12	5	8
9	9	8
15	75	8
14	37	8
1	4	8
7	14	8
4	19	8
2	7	8
7	6	8
6	13	8
1	1	8
7	11	8
6	10	8
1	4	8
2	4	8
13	27	8
5	2	8
2	4	8
6	7	8
29	5	8
4	27	8
1	4	8
16	3	8
12	80	8
2	9	8
6	6	8
14	5	8
5	2	8
5	28	8
6	4	8
9	39	8
6	24	8
9	12	8
39	8	8
17	7	8
71	25	8
2	1	8
25	11	8
19	9	8
38	9	8
32	5	8
3	13	8
8	12	8
36	11	8
4	2	8
6	7	8
27	7	8
11	10	8
19	4	8
9	17	8
2	1	8
1	2	8
9	15	8
5	7	8
1	6	8
22	57	8
16	32	8
10	9	8
10	6	8
2	4	8
4	7	8
6	11	8
27	6	8
14	37	8
8	27	8
12	7	8
1	2	8
6	10	8
1	4	8
15	9	8
10	9	8
25	8	8
12	15	8
29	5	8
10	3	8
6	32	8
1	5	8
12	80	8
9	21	8
6	6	8
11	12	8
2	10	8
10	45	8
36	11	8
8	31	8
33	6	8
8	27	8
1	2	8
5	7	8
16	57	8
6	19	8
2	4	8
8	42	8
2	11	8
3	10	8
10	3	8
9	9	8
12	80	8
10	3	8
1	6	8
10	4	8
7	2	8
4	19	8
8	3	8
17	3	8
1	1	8
7	11	8
10	11	8
10	11	8
30	8	8
65	16	8
3	2	8
10	6	8
12	15	8
2	4	8
4	2	8
13	3	8
7	8	8
2	6	8
3	6	8
2	1	8
6	7	8
17	3	8
11	10	8
33	6	8
8	22	8
5	3	8
13	12	8
1	1	8
7	11	8
3	9	8
2	4	8
22	20	8
16	57	8
25	11	8
2	2	8
6	32	8
10	11	8
2	6	8
12	8	8
19	4	8
9	39	8
8	22	8
3	12	8
33	8	8
16	32	8
22	20	8
1	3	8
8	42	8
11	37	8
6	2	8
9	21	9
11	12	9
3	6	9
7	14	9
9	5	9
8	3	9
19	4	9
1	2	9
2	1	9
6	13	9
8	15	9
6	21	9
10	6	9
12	15	9
4	2	9
18	4	9
19	9	9
8	11	9
6	6	9
8	6	9
13	17	9
62	9	9
4	2	9
5	25	9
1	2	9
1	1	9
2	1	9
10	39	9
7	6	9
6	13	9
22	57	9
10	9	9
4	2	9
13	3	9
4	27	9
3	18	9
6	11	9
4	27	9
6	2	9
16	3	9
2	6	9
3	9	9
3	13	9
14	5	9
12	8	9
5	28	9
30	20	9
27	7	9
11	56	9
10	39	9
17	34	9
1	1	9
2	13	9
33	8	9
10	11	9
6	3	9
15	9	9
30	8	9
71	25	9
12	25	9
9	55	9
2	1	9
2	4	9
2	8	9
72	15	9
12	80	9
3	11	9
12	8	9
8	6	9
7	14	9
62	9	9
8	3	9
8	31	9
2	1	9
2	1	9
6	24	9
39	8	9
28	8	9
30	8	9
12	25	9
13	3	9
29	5	9
3	10	9
10	3	9
38	9	9
6	2	9
14	14	9
12	80	9
3	11	9
14	3	9
3	11	9
7	14	9
11	73	9
8	27	9
2	1	9
1	2	9
11	56	9
9	15	9
4	1	9
17	7	9
4	2	9
15	75	9
12	80	9
9	21	9
6	13	9
27	5	9
2	1	9
5	28	9
35	7	9
13	17	9
8	3	9
27	7	9
5	25	9
12	7	9
6	10	9
3	16	9
8	15	9
42	9	9
4	7	9
2	2	9
19	9	9
12	5	9
12	4	9
27	6	9
3	11	9
12	9	9
13	17	9
36	11	9
5	3	9
22	59	9
13	12	9
6	10	9
22	20	9
1	3	9
25	8	9
12	15	9
13	3	9
2	2	9
17	5	9
3	18	9
10	3	9
4	27	9
5	7	9
32	5	9
15	75	9
5	20	9
7	2	9
19	4	9
11	73	9
9	39	9
9	15	9
6	24	9
3	3	9
10	11	9
17	7	9
26	7	9
4	27	9
18	4	9
10	3	9
1	4	9
2	8	9
3	6	9
32	5	9
72	15	9
10	3	9
8	11	9
27	5	9
5	20	9
7	2	9
10	44	9
33	6	9
5	5	9
16	46	9
9	12	9
25	8	9
12	15	9
2	11	9
5	31	9
4	27	9
3	13	9
9	21	9
8	6	9
7	14	9
6	2	9
1	2	9
7	6	9
6	10	9
11	9	9
7	11	9
5	15	9
7	33	9
6	11	9
27	5	9
12	8	9
33	6	9
9	39	9
7	11	9
6	10	9
3	9	9
10	7	9
33	8	9
13	36	9
71	25	9
12	25	9
2	1	9
3	3	9
25	11	9
18	4	9
2	11	9
1	2	9
32	5	9
72	15	9
3	9	9
3	13	9
3	11	9
10	4	9
5	20	9
7	2	9
12	8	9
62	9	9
5	25	9
7	26	9
33	6	9
5	3	9
6	10	9
4	1	9
13	36	9
42	9	9
12	25	9
25	11	9
6	19	9
4	27	9
6	11	9
5	7	9
12	3	9
8	11	9
13	47	9
3	11	9
1	4	9
7	2	9
4	10	9
8	22	9
3	16	9
8	15	9
3	9	9
39	8	9
30	8	9
6	4	9
10	9	9
6	7	9
8	15	9
5	28	9
3	18	9
7	5	9
1	4	9
15	75	9
9	21	9
11	12	9
3	11	9
12	9	9
6	4	9
12	7	9
10	39	9
6	13	9
2	4	9
12	25	9
16	57	9
10	9	9
17	5	9
2	8	9
2	8	9
12	4	9
9	21	9
8	12	9
3	11	9
1	6	9
3	11	9
8	6	9
13	17	9
10	44	9
8	27	9
1	2	9
2	7	9
3	12	9
2	13	9
16	5	9
9	12	9
13	36	9
17	7	9
8	15	9
5	31	9
2	8	9
9	9	9
38	9	9
27	6	9
3	13	9
51	10	9
1	4	9
27	5	9
5	2	9
36	10	9
5	25	9
8	27	9
2	1	9
17	34	9
17	7	9
6	4	9
10	9	9
10	6	9
4	2	9
29	5	9
2	2	9
1	4	9
32	5	9
2	6	9
12	80	10
14	37	10
12	9	10
35	7	10
6	4	10
2	9	10
9	17	10
3	10	10
3	20	10
17	34	10
9	15	10
4	1	10
17	7	10
42	9	10
15	9	10
71	25	10
2	4	10
8	15	10
2	11	10
10	11	10
15	75	10
51	10	10
2	10	10
11	10	10
8	31	10
25	9	10
4	1	10
6	21	10
1	4	10
17	113	10
3	2	10
11	37	10
1	5	10
10	11	10
9	21	10
51	10	10
7	2	10
10	45	10
36	11	10
2	9	10
9	39	10
3	10	10
2	1	10
22	59	10
6	10	10
3	16	10
6	10	10
3	9	10
16	5	10
17	113	10
1	3	10
5	2	10
3	2	10
8	15	10
17	5	10
2	8	10
1	4	10
6	32	10
38	9	10
5	7	10
6	2	10
1	4	10
5	20	10
12	9	10
36	11	10
9	17	10
21	101	10
5	5	10
3	12	10
15	9	10
5	2	10
2	8	10
1	5	10
2	8	10
3	13	10
10	3	10
12	8	10
5	28	10
5	3	10
13	12	10
6	10	10
3	16	10
6	21	10
6	3	10
39	8	10
42	9	10
26	7	10
71	25	10
11	8	10
25	8	10
2	2	10
1	2	10
17	10	10
3	10	10
5	7	10
12	8	10
7	14	10
6	4	10
7	26	10
19	4	10
8	31	10
2	9	10
3	7	10
1	2	10
7	6	10
9	15	10
2	13	10
3	3	10
33	8	10
10	11	10
39	8	10
17	7	10
2	1	10
3	2	10
25	11	10
5	28	10
2	11	10
11	37	10
1	4	10
6	11	10
38	9	10
6	6	10
2	1	10
4	19	10
4	2	10
30	20	10
21	101	10
2	1	10
10	39	10
6	24	10
8	15	10
3	3	10
10	11	10
13	36	10
15	9	10
5	2	10
16	3	10
12	80	10
8	11	10
14	37	10
10	4	10
30	20	10
6	7	10
33	6	10
10	39	10
3	20	10
1	1	10
15	9	10
8	15	10
1	2	10
3	18	10
7	5	10
1	5	10
38	9	10
9	21	10
51	10	10
11	12	10
2	9	10
12	7	10
2	1	10
1	2	10
3	20	10
17	34	10
3	12	10
4	1	10
3	16	10
8	15	10
10	7	10
17	7	10
42	9	10
71	25	10
11	8	10
6	19	10
17	5	10
2	8	10
7	5	10
19	9	10
6	32	10
1	5	10
38	9	10
2	6	10
12	3	10
13	47	10
3	6	10
27	5	10
14	3	10
5	20	10
4	19	10
4	2	10
8	31	10
11	73	10
1	1	10
2	1	10
10	39	10
1	1	10
3	12	10
2	13	10
65	16	10
16	57	10
6	4	10
5	28	10
2	11	10
5	31	10
10	3	10
2	8	10
4	27	10
72	15	10
6	6	10
14	3	10
3	11	10
30	20	10
10	44	10
4	1	10
2	4	10
16	5	10
17	113	10
4	2	10
2	8	10
7	8	10
1	5	10
7	33	10
2	8	10
4	27	10
38	9	10
3	6	10
6	13	10
13	17	10
4	2	10
30	20	10
36	10	10
9	15	10
16	5	10
10	11	10
65	16	10
6	7	10
5	28	10
17	10	10
32	5	10
10	4	10
12	9	10
4	2	10
5	25	10
10	44	10
21	101	10
10	39	10
17	34	10
16	46	10
6	13	10
6	21	10
10	7	10
9	12	10
22	57	10
26	7	10
16	32	10
22	20	10
11	8	10
5	31	10
14	14	10
3	9	10
6	13	10
27	5	10
10	45	10
62	9	10
11	10	10
5	25	10
10	44	10
8	31	10
25	9	10
4	1	10
8	15	10
3	3	10
9	12	10
16	32	10
25	11	10
6	19	10
4	7	10
5	28	10
1	5	10
4	27	10
3	6	10
14	14	10
12	80	10
10	3	10
11	12	10
5	20	10
12	8	10
35	7	10
25	9	10
3	7	10
42	9	10
16	32	10
10	9	10
3	18	10
10	3	10
15	75	10
14	37	10
10	4	10
13	17	10
9	5	10
30	20	10
27	7	10
1	1	10
2	1	10
3	20	10
9	15	10
4	1	10
11	9	10
2	4	10
5	2	10
6	19	10
8	15	10
18	4	10
17	5	10
6	32	10
16	3	10
3	9	10
