1000	1000	1000
26	104	1
52	52	1
25	95	1
70	33	1
47	48	1
63	36	1
35	57	1
43	44	1
38	47	1
52	34	1
59	28	1
44	36	1
41	39	1
25	62	1
40	39	1
36	41	1
46	31	1
38	37	1
55	25	1
24	56	1
43	30	1
36	35	1
22	57	1
27	46	1
52	23	1
47	25	1
35	33	1
42	27	1
33	34	1
36	31	1
35	33	1
44	26	1
66	17	1
54	21	1
36	30	1
35	31	1
29	36	1
26	40	1
31	33	1
29	36	1
46	22	1
24	42	1
27	37	1
19	53	1
35	29	1
20	49	1
34	29	1
31	31	1
27	35	1
29	31	1
26	35	1
32	28	1
21	44	1
32	29	1
22	41	1
19	45	1
27	32	1
33	26	1
36	23	1
32	26	1
54	15	1
17	51	1
28	29	1
36	22	1
23	33	1
39	20	1
17	44	1
18	42	1
26	29	1
26	29	1
39	19	1
18	41	1
28	26	1
27	27	1
48	15	1
31	23	1
33	22	1
31	23	1
28	26	1
52	14	1
28	25	1
23	31	1
41	17	1
30	23	1
22	31	1
22	31	1
15	46	1
34	20	1
22	30	1
42	16	1
17	36	1
18	35	1
27	23	1
32	19	1
19	32	1
33	19	1
19	31	1
29	21	1
18	33	1
13	44	1
61	44	2
34	65	2
44	41	2
38	46	2
28	57	2
32	48	2
24	61	2
38	35	2
46	29	2
32	41	2
33	39	2
26	48	2
42	28	2
27	43	2
21	57	2
47	25	2
18	64	2
22	53	2
30	39	2
24	48	2
28	41	2
28	41	2
27	41	2
54	20	2
19	56	2
17	64	2
32	34	2
29	37	2
45	24	2
18	59	2
32	33	2
25	43	2
23	45	2
32	33	2
36	29	2
41	25	2
34	30	2
49	21	2
30	33	2
25	40	2
29	35	2
63	16	2
61	16	2
53	19	2
25	40	2
31	31	2
33	30	2
25	38	2
21	45	2
31	30	2
16	57	2
18	49	2
45	20	2
34	26	2
36	24	2
20	43	2
38	23	2
57	15	2
58	15	2
57	15	2
27	31	2
52	16	2
15	56	2
35	23	2
27	29	2
34	23	2
28	28	2
28	29	2
53	15	2
32	25	2
19	39	2
55	14	2
22	34	2
35	21	2
53	14	2
42	17	2
46	16	2
32	23	2
18	40	2
18	39	2
32	22	2
35	20	2
24	29	2
41	17	2
40	18	2
29	24	2
28	24	2
40	17	2
20	33	2
29	23	2
19	35	2
20	33	2
20	31	2
32	19	2
17	36	2
35	17	2
30	20	2
20	30	2
16	37	2
16	36	2
63	57	3
38	63	3
34	58	3
38	50	3
31	56	3
34	48	3
33	48	3
71	22	3
23	69	3
28	55	3
27	56	3
38	39	3
47	30	3
61	23	3
42	31	3
18	71	3
56	23	3
33	39	3
29	41	3
64	19	3
42	28	3
41	29	3
43	28	3
26	45	3
33	34	3
39	29	3
21	56	3
43	26	3
19	59	3
45	24	3
31	35	3
45	24	3
31	34	3
50	21	3
44	24	3
27	38	3
24	44	3
32	32	3
45	23	3
20	51	3
30	34	3
22	45	3
63	16	3
37	27	3
33	31	3
57	17	3
20	49	3
30	32	3
21	44	3
21	44	3
27	35	3
33	28	3
32	29	3
44	21	3
27	33	3
28	32	3
23	39	3
27	33	3
58	15	3
27	32	3
34	25	3
41	21	3
34	24	3
28	29	3
26	31	3
14	56	3
38	21	3
22	35	3
46	16	3
22	34	3
22	34	3
22	33	3
23	31	3
36	20	3
14	53	3
26	27	3
16	45	3
23	30	3
15	48	3
31	22	3
26	26	3
18	38	3
49	14	3
13	52	3
22	30	3
19	37	3
27	25	3
31	22	3
22	29	3
18	37	3
47	13	3
19	32	3
36	17	3
35	17	3
24	26	3
42	14	3
18	33	3
32	19	3
14	44	3
36	17	3
31	113	4
48	57	4
43	63	4
41	45	4
50	36	4
49	32	4
53	27	4
46	31	4
28	46	4
34	37	4
26	47	4
60	21	4
28	44	4
29	40	4
20	59	4
26	44	4
38	30	4
58	19	4
62	18	4
65	17	4
19	57	4
19	59	4
18	61	4
20	54	4
37	30	4
46	23	4
48	22	4
63	17	4
35	30	4
60	18	4
47	22	4
23	43	4
42	24	4
20	49	4
63	16	4
33	30	4
21	48	4
35	28	4
28	35	4
38	26	4
17	56	4
18	52	4
46	20	4
36	25	4
37	24	4
15	59	4
16	56	4
15	58	4
53	16	4
24	36	4
18	48	4
25	33	4
57	14	4
20	39	4
49	16	4
20	40	4
55	14	4
53	15	4
18	43	4
31	25	4
36	21	4
36	21	4
24	32	4
43	17	4
44	17	4
35	21	4
27	27	4
26	28	4
52	14	4
47	15	4
38	19	4
26	28	4
17	43	4
18	39	4
28	26	4
33	21	4
28	25	4
19	37	4
26	26	4
32	22	4
17	40	4
21	34	4
31	22	4
29	23	4
18	38	4
31	22	4
17	39	4
15	44	4
22	31	4
24	28	4
23	29	4
28	22	4
37	17	4
15	40	4
47	13	4
32	20	4
26	23	4
35	17	4
16	37	4
36	17	4
77	38	5
71	35	5
36	61	5
37	56	5
36	54	5
29	61	5
56	32	5
50	32	5
56	28	5
28	51	5
19	71	5
22	61	5
38	35	5
27	50	5
41	33	5
32	39	5
42	29	5
25	50	5
54	22	5
21	59	5
29	41	5
41	28	5
26	45	5
28	41	5
62	19	5
18	64	5
33	34	5
26	42	5
40	27	5
26	41	5
34	31	5
48	22	5
21	50	5
17	61	5
19	54	5
27	38	5
28	37	5
61	17	5
26	39	5
31	32	5
25	41	5
20	49	5
32	31	5
62	16	5
28	36	5
45	21	5
24	41	5
28	34	5
18	51	5
34	26	5
36	25	5
52	17	5
26	34	5
28	32	5
50	18	5
31	29	5
36	24	5
40	22	5
17	52	5
36	24	5
27	32	5
55	16	5
16	52	5
20	43	5
54	15	5
41	20	5
17	48	5
31	26	5
25	33	5
29	28	5
39	20	5
21	37	5
20	39	5
28	28	5
56	14	5
42	18	5
32	23	5
22	33	5
16	45	5
15	48	5
25	29	5
29	25	5
15	46	5
31	22	5
31	22	5
31	22	5
18	37	5
15	46	5
28	24	5
26	25	5
28	23	5
26	24	5
23	27	5
29	21	5
27	23	5
18	35	5
18	35	5
17	37	5
13	48	5
14	44	5
34	88	6
65	44	6
53	53	6
72	26	6
23	81	6
42	41	6
36	44	6
64	25	6
27	54	6
64	23	6
27	53	6
69	18	6
70	17	6
39	31	6
37	32	6
66	18	6
36	32	6
57	20	6
31	37	6
33	33	6
17	64	6
36	31	6
30	37	6
37	29	6
23	46	6
18	60	6
55	19	6
41	25	6
28	37	6
63	16	6
31	33	6
39	26	6
26	39	6
31	33	6
47	21	6
52	19	6
30	33	6
18	55	6
27	36	6
33	29	6
31	31	6
35	28	6
31	31	6
34	29	6
17	57	6
24	40	6
53	18	6
61	15	6
31	30	6
17	53	6
16	57	6
26	33	6
27	33	6
38	22	6
32	26	6
43	20	6
54	15	6
16	51	6
23	36	6
21	38	6
27	30	6
56	15	6
30	27	6
33	25	6
23	35	6
44	18	6
16	50	6
22	36	6
36	21	6
53	14	6
19	40	6
40	19	6
19	39	6
53	14	6
47	15	6
33	21	6
16	43	6
21	33	6
14	50	6
52	13	6
29	24	6
29	24	6
15	46	6
16	42	6
31	22	6
22	32	6
21	33	6
19	35	6
14	47	6
27	25	6
45	14	6
23	29	6
14	47	6
33	20	6
27	23	6
21	29	6
35	17	6
18	34	6
18	33	6
32	19	6
53	71	7
101	26	7
38	64	7
82	28	7
38	44	7
55	29	7
69	23	7
61	25	7
47	32	7
49	29	7
35	41	7
26	50	7
49	27	7
63	21	7
33	40	7
26	49	7
25	51	7
20	61	7
51	24	7
32	37	7
34	34	7
68	17	7
65	18	7
28	41	7
36	31	7
24	47	7
26	42	7
22	50	7
62	18	7
63	17	7
26	41	7
35	31	7
41	26	7
41	25	7
53	19	7
35	28	7
36	28	7
17	58	7
41	24	7
17	56	7
16	59	7
21	44	7
19	48	7
24	38	7
20	45	7
29	31	7
38	23	7
27	33	7
24	35	7
33	26	7
31	27	7
46	18	7
51	16	7
56	15	7
30	27	7
25	32	7
19	43	7
26	30	7
35	23	7
18	43	7
40	20	7
22	35	7
20	39	7
27	29	7
20	37	7
28	26	7
26	28	7
41	18	7
32	22	7
28	26	7
47	15	7
37	19	7
48	15	7
32	22	7
34	21	7
49	14	7
28	25	7
21	34	7
16	44	7
23	30	7
23	30	7
33	21	7
14	48	7
34	20	7
37	18	7
23	28	7
34	19	7
37	17	7
28	23	7
14	44	7
22	29	7
21	29	7
22	28	7
18	33	7
19	32	7
27	22	7
21	29	7
14	43	7
28	22	7
35	17	7
80	36	8
44	65	8
27	102	8
44	42	8
49	37	8
28	61	8
50	34	8
35	48	8
41	40	8
37	44	8
40	39	8
26	57	8
28	48	8
31	42	8
69	19	8
25	52	8
29	44	8
35	37	8
47	27	8
66	19	8
37	34	8
37	34	8
27	43	8
18	65	8
24	47	8
35	33	8
37	31	8
65	17	8
39	29	8
31	35	8
35	31	8
31	35	8
16	64	8
31	33	8
35	29	8
38	27	8
39	26	8
33	31	8
32	31	8
23	45	8
29	34	8
36	27	8
32	31	8
20	48	8
24	39	8
48	20	8
40	23	8
35	26	8
28	32	8
32	28	8
32	27	8
22	40	8
26	32	8
34	24	8
22	37	8
31	26	8
55	15	8
46	18	8
38	21	8
28	29	8
37	22	8
35	22	8
32	25	8
27	29	8
51	15	8
52	15	8
20	38	8
29	26	8
34	22	8
34	22	8
21	36	8
21	36	8
23	31	8
31	23	8
14	51	8
41	17	8
36	20	8
21	33	8
14	49	8
43	16	8
31	22	8
32	21	8
34	20	8
33	21	8
21	33	8
28	25	8
15	44	8
14	47	8
23	29	8
31	20	8
13	47	8
18	35	8
15	40	8
27	22	8
27	22	8
30	20	8
31	19	8
23	26	8
30	20	8
20	29	8
119	35	9
65	35	9
47	39	9
29	61	9
47	32	9
48	30	9
42	35	9
32	44	9
34	40	9
64	21	9
38	35	9
63	20	9
59	20	9
19	59	9
24	48	9
34	34	9
34	34	9
40	29	9
29	39	9
42	27	9
27	42	9
43	26	9
43	25	9
33	33	9
38	29	9
46	23	9
35	30	9
16	64	9
44	23	9
22	47	9
35	29	9
34	30	9
32	32	9
30	32	9
32	31	9
20	50	9
38	25	9
31	31	9
61	16	9
17	56	9
54	17	9
19	49	9
26	35	9
23	41	9
39	23	9
42	21	9
54	16	9
20	44	9
57	15	9
39	23	9
24	36	9
44	20	9
35	25	9
19	44	9
45	18	9
27	30	9
23	35	9
53	15	9
35	22	9
14	56	9
39	20	9
27	29	9
22	34	9
42	18	9
15	51	9
26	30	9
38	20	9
41	19	9
38	20	9
26	29	9
32	24	9
39	19	9
32	23	9
33	23	9
16	46	9
17	44	9
17	43	9
21	35	9
24	30	9
33	22	9
18	38	9
49	14	9
21	32	9
18	39	9
14	50	9
34	20	9
33	20	9
30	22	9
25	26	9
14	44	9
25	25	9
46	13	9
23	27	9
29	21	9
31	19	9
14	44	9
25	24	9
16	37	9
14	43	9
47	13	9
54	53	10
44	62	10
38	69	10
62	39	10
66	28	10
44	38	10
27	62	10
50	33	10
58	26	10
36	40	10
26	53	10
48	27	10
24	55	10
22	59	10
25	48	10
63	19	10
19	64	10
29	42	10
68	17	10
37	31	10
63	18	10
33	34	10
17	65	10
32	35	10
65	17	10
42	26	10
22	49	10
36	30	10
28	39	10
40	27	10
27	39	10
57	19	10
18	60	10
22	48	10
63	17	10
34	30	10
17	60	10
37	27	10
57	18	10
33	31	10
56	18	10
30	33	10
42	23	10
35	28	10
22	44	10
58	17	10
25	39	10
39	24	10
30	31	10
36	25	10
31	29	10
17	53	10
52	17	10
35	25	10
19	46	10
52	17	10
17	50	10
32	27	10
46	18	10
36	22	10
24	32	10
22	35	10
55	14	10
20	39	10
54	14	10
22	34	10
54	14	10
31	24	10
24	32	10
16	46	10
23	33	10
54	14	10
21	35	10
24	31	10
28	26	10
35	21	10
14	53	10
14	50	10
19	37	10
32	22	10
53	13	10
31	23	10
27	26	10
28	25	10
16	43	10
16	44	10
24	29	10
30	23	10
18	36	10
32	20	10
24	27	10
39	16	10
36	17	10
42	15	10
21	29	10
33	19	10
31	20	10
39	16	10
34	17	10
29	20	10
